- Jet Lab

- Experiment date = 2021-11-11 10:35:36
- Number of samples in measure = 50
- Number of motor steps between measures = 0
- Measures count = 500
#52pa
- adc12bit
1142
1131
1129
1123
1122
1117
1128
1113
1127
1112
1113
1125
1111
1119
1109
1117
1120
1121
1127
1116
1122
1123
1120
1112
1119
1127
1116
1112
1110
1127
1118
1109
1113
1115
1110
1123
1127
1120
1120
1128
1124
1138
1116
1116
1124
1112
1129
1123
1122
1125
1112
1123
1137
1129
1119
1130
1134
1140
1134
1141
1122
1135
1123
1134
1133
1122
1121
1117
1130
1128
1132
1129
1132
1128
1127
1127
1121
1130
1127
1132
1131
1120
1128
1131
1127
1122
1131
1121
1127
1114
1128
1127
1126
1134
1122
1130
1128
1127
1125
1129
1123
1130
1129
1124
1123
1116
1132
1134
1125
1118
1125
1131
1125
1133
1120
1135
1142
1129
1130
1128
1120
1123
1135
1131
1131
1136
1135
1130
1140
1132
1121
1127
1127
1123
1133
1125
1134
1130
1134
1135
1126
1119
1136
1121
1129
1122
1138
1122
1137
1120
1134
1132
1135
1122
1132
1128
1130
1131
1127
1120
1119
1128
1135
1135
1135
1131
1139
1137
1134
1124
1136
1132
1124
1132
1132
1127
1134
1123
1123
1125
1137
1135
1120
1129
1127
1132
1132
1133
1121
1116
1126
1129
1118
1136
1129
1115
1126
1133
1128
1128
1119
1131
1116
1116
1127
1113
1122
1119
1114
1110
1128
1119
1120
1123
1125
1113
1110
1119
1116
1120
1116
1126
1114
1119
1120
1131
1116
1119
1131
1115
1127
1122
1112
1123
1123
1122
1123
1127
1115
1115
1111
1123
1111
1121
1116
1107
1115
1106
1116
1109
1116
1104
1112
1110
1109
1099
1115
1104
1100
1118
1109
1100
1095
1105
1111
1111
1106
1116
1101
1115
1108
1117
1100
1116
1116
1116
1113
1118
1118
1107
1115
1117
1111
1110
1110
1113
1103
1103
1112
1116
1121
1111
1100
1118
1105
1116
1113
1123
1116
1120
1115
1112
1119
1121
1124
1122
1127
1127
1120
1123
1126
1128
1111
1123
1131
1112
1112
1127
1123
1128
1133
1113
1128
1118
1130
1124
1129
1121
1128
1129
1127
1138
1130
1134
1129
1137
1138
1133
1135
1118
1132
1138
1132
1128
1131
1132
1140
1121
1130
1119
1136
1124
1120
1132
1134
1124
1128
1131
1131
1134
1123
1135
1127
1134
1123
1130
1131
1125
1121
1121
1129
1125
1123
1121
1118
1121
1123
1112
1123
1123
1123
1110
1127
1110
1113
1118
1110
1115
1118
1117
1127
1127
1122
1113
1112
1127
1113
1126
1113
1119
1120
1115
1122
1120
1123
1121
1107
1108
1118
1119
1115
1119
1108
1126
1120
1119
1108
1105
1121
1108
1117
1108
1125
1109
1113
1121
1116
1109
1118
1123
1107
1121
1110
1118
1112
1117
1113
1110
1123
1110
1102
1109
1113
1113
1106
1112
1114
1111
1110
1102
1111
1096
1116
1100
1110
1110
1100
1109
1112
1115
1109
1098
1108
1100
1109
1116
1113
1120
1115
1117
1117
1111
1116
1118
1104
1123
1120
1119
1121
1118
1125
1116
1108
1111
1104
1103
1117
1112
1106
1114
1097
1099
1108
1096
1107
1095
1113
1108
1093
1103